533
1676
8766
5611
4073
9277
5633
1921
650
9074
4382
1027
6849
5861
1199
6411
21
7021
7227
1829
7487
6415
9006
3680
2374
7332
6461
4384
8874
8053
7968
1347
9728
3085
3309
3800
2362
8941
2072
3011
4366
6454
4038
1214
8666
5236
7624
5038
8608
1202
6866
6094
7616
2223
9774
9989
9554
2586
724
8428
6990
5043
9775
6717
8128
9434
6869
489
8374
8940
9851
9091
1745
3888
304
6762
5475
4279
1799
434
5480
8664
6528
3095
887
2653
9435
6792
1590
159
5219
8579
1553
1344
1647
9680
777
8515
6520
5502
3807
6371
4592
5551
6610
1247
2313
8437
5525
463
8870
1004
5479
5397
4098
2717
4401
3533
9508
5990
43
4727
4568
1595
2422
6215
7627
3199
1081
4146
5052
4887
6868
5996
438
3478
7242
9102
8266
9119
9564
7135
122
5042
8884
572
7758
9636
456
7266
5626
498
8344
6545
8444
765
9111
6070
315
192
216
1719
5078
3435
4066
1867
3264
1307
7320
1529
6777
6884
5016
3251
8277
3899
3822
6035
9886
4277
9652
5511
1126
4347
8408
9569
5111
7518
1991
5426
7709
8558
3496
9139
1992
7561
7357
5256
5219
4677
3136
1996
7912
8151
5246
6188
8401
5419
8574
8287
9695
4577
149
7172
8923
8556
3092
4034
6074
1434
5811
134
9991
9306
5624
8335
3218
2981
3590
8436
4009
6725
431
1920
1228
2028
4459
9628
7446
3033
7914
3492
7609
4415
7015
2884
2970
107
6917
5395
1540
9079
1881
7883
4736
7504
6217
7953
6836
9806
2740
844
2882
9523
9115
4109
1550
3574
89
8996
2958
4354
8839
566
8768
5854
3449
8090
5960
6717
3484
3851
2147
5364
1733
3234
9220
4301
7538
6055
458
278
3251
3340
9800
8717
3800
1349
2290
240
6696
1599
4594
1887
2165
9713
7740
1965
7802
51
5034
7638
253
3532
9353
8338
6766
8572
2638
4303
979
3096
4580
581
6435
731
9297
6586
8432
7939
6826
1479
9537
7771
3365
8053
7483
1104
6370
1637
7506
1403
9274
7759
1286
8626
6096
8051
7198
8733
2354
4528
8180
3285
5108
966
368
756
7552
8799
5046
729
277
935
4851
3642
8987
2333
1097
1708
3969
4955
9462
9594
2713
748
8220
5160
8798
1769
244
7503
2648
8424
7140
4107
9389
7507
4862
3292
6305
6260
372
2933
7194
5222
6574
6180
7555
4023
4240
7875
8977
3701
3821
8041
4448
2040
3200
3246
160
9795
7100
9159
8218
4239
3265
3959
1745
8126
7250
4401
737
7622
7334
7930
2843
259
462
6749
633
4701
976
5961
8401
4796
4001
2849
3187
3552
2446
9698
3347
9545
8856
7916
136
2120
1874
8232
6597
9124
2633
7334
6745
6318
5263
5939
6576
2076
2688
7209
6776
15
3169
5177
4810
3522
4377
7996
7073
6822
4045
6771
2718
2900
4687
2853
5019
6560
1085
7967
5683
69
5300
8779
6386
6915
1070
2961
8990
109
6521
5766
123
6042
7294
4932
9563
8022
9279
2987
4843
3323
9758
3912
2574
4444
6765
7592
1003
4201
1910
3038
4269
7210
8168
654
476
9237
9966
9465
9345
2839
1582
9467
8880
5227
750
4794
3248
6380
7780
4442
